2748.8	0.158553	0.350915
2748.9	0.154962	0.422497
2749.0	0.158575	0.5
2749.1	0.165286	0.504844
2749.2	0.162593	0.504844
2749.3	0.149418	0.506459
2749.4	0.139564	0.522067
2749.5	0.140933	0.533369
2749.6	0.149507	0.546825
2749.7	0.155927	0.536598
2749.8	0.156106	0.528525
2749.9	0.158283	0.498924
2750.0	0.169618	0.491389
2750.1	0.180729	0.465016
2750.2	0.180392	0.444026
2750.3	0.177407	0.430571
2750.4	0.174534	0.441873
2750.5	0.17009	    0.461249
2750.6	0.167935	0.50915
2750.7	0.168047	0.546286
2750.8	0.16569	    0.581808
2750.9	0.157318	0.594726
2751.0	0.147442	0.580732
2751.1	0.152537	0.582885
2751.2	0.16486	    0.559203
2751.3	0.169394	0.562433
2751.4	0.171144	0.546825
2751.5	0.175634	0.537675
2751.6	0.175678	0.540904
2751.7	0.170538	0.528525
2751.8	0.170853	0.546825
2751.9	0.177474	0.537137
2752.0	0.184365	0.533907
2752.1	0.189572	0.503229
2752.2	0.194016	0.48493
2752.3	0.198887	0.447793
2752.4	0.204094	0.420883
2752.5	0.205777	0.446717
2752.6	0.201603	0.5
2752.7	0.192018	0.502691
2752.8	0.187709	0.484392
2752.9	0.187619	0.494618
2753.0	0.185622	0.497847
2753.1	0.187529	0.483315
2753.2	0.188988	0.483854
2753.3	0.186991	0.486545
2753.4	0.190986	0.467707
2753.5	0.200368	0.476857
2753.6	0.202321	0.517761
2753.7	0.196822	0.53929
2753.8	0.190919	0.560818
2753.9	0.184724	0.579117
2754.0	0.182479	0.566738
2754.1	0.187776	0.540366
2754.2	0.197989	0.517223
2754.3	0.212152	0.480086
2754.4	0.224654	0.442949
2754.5	0.230422	0.372443
2754.6	0.223711	0.340689
2754.7	0.210715	0.314855
2754.8	0.200256	0.299247
2754.9	0.187844	0.2831
2755.0	0.1678	    0.228741
2755.1	0.151258	0.219053
2755.2	0.149283	0.260495
2755.3	0.156847	0.287406
2755.4	0.162122	0.265339
2755.5	0.157094	0.239505
2755.6	0.153166	0.23197
2755.7	0.165601	0.29817
2755.8	0.189864	0.37352
2755.9	0.206249	0.399892
2756.0	0.212488	0.371367
2756.1	0.214755	0.327772
2756.2	0.204655	0.280947
2756.3	0.17395	    0.203445
2756.4	0.140237	0.163079
2756.5	0.12475	    0.190527
2756.6	0.130025	0.224435
2756.7	0.148385	0.272874
2756.8	0.166521	0.367061
2756.9	0.179584	0.432185
2757.0	0.189258	0.456943
2757.1	0.192939	0.461787
2757.2	0.191547	0.461787
2757.3	0.195138	0.461249
2757.4	0.198842	0.456405
2757.5	0.191682	0.455867
2757.6	0.184656	0.453175
2757.7	0.184724	0.473089
2757.8	0.179472	0.479548
2757.9	0.166409	0.5
2758.0	0.146814	0.553283
2758.1	0.125334	0.603875
2758.2	0.109241	0.61141
2758.3	0.104146	0.489236
2758.4	0.111036	0.299247
2758.5	0.119678	0.196986
2758.6	0.123224	0.187836
2758.7	0.128611	0.193757
2758.8	0.139317	0.210441
2758.9	0.158777	0.277718
2759.0	0.185487	0.368138
2759.1	0.207932	0.441335
2759.2	0.221893	0.449946
2759.3	0.229794	0.439182
2759.4	0.237762	0.431647
2759.5	0.247256	0.454252
2759.6	0.245999	0.484392
2759.7	0.227168	0.496771
2759.8	0.201311	0.518837
2759.9	0.173569	0.498924
2760.0	0.145153	0.492465
2760.1	0.128835	0.476319
2760.2	0.127691	0.464478
2760.3	0.138734	0.49408
2760.4	0.160034	0.538751
2760.5	0.181245	0.551668
2760.6	0.196552	0.536598
2760.7	0.201243	0.531216
2760.8	0.200076	0.526911
2760.9	0.200907	0.531216
2761.0	0.202927	0.524758
2761.1	0.215137	0.506997
2761.2	0.23224	    0.476319
2761.3	0.240567	0.46071
2761.4	0.239378	0.453714
2761.5	0.23114	    0.477395
2761.6	0.220501	0.474704
2761.7	0.207977	0.49408
2761.8	0.194083	0.498385
2761.9	0.183602	0.538751
2762.0	0.1823	    0.553821
2762.1	0.192333	0.553821
2762.2	0.207708	0.509688
2762.3	0.220636	0.459634
2762.4	0.227257	0.441873
2762.5	0.219087	0.456943
2762.6	0.207191	0.461787
2762.7	0.202635	0.462863
2762.8	0.194981	0.46986
2762.9	0.178304	0.446179
2763.0	0.162346	0.451561
2763.1	0.155231	0.455328
2763.2	0.15449	    0.442949
2763.3	0.154243	0.418192
2763.4	0.157206	0.411733
2763.5	0.164321	0.396663
2763.6	0.170583	0.38859
2763.7	0.161964	0.350915
2763.8	0.137724	0.26803
2763.9	0.112069	0.175457
2764.0	0.096312	0.166846
2764.1	0.099477	0.179763
2764.2	0.120239	0.212594
2764.3	0.151191	0.250269
2764.4	0.183916	0.282024
2764.5	0.209054	0.26211
2764.6	0.221152	0.265339
2764.7	0.222836	0.342842
2764.8	0.217673	0.432723
2764.9	0.213072	0.466631
2765.0	0.218234	0.512917
2765.1	0.228178	0.534446
2765.2	0.236415	0.505382
2765.3	0.242385	0.461249
2765.4	0.245191	0.457481
2765.5	0.241779	0.466631
2765.6	0.239984	0.461249
2765.7	0.238704	0.458558
2765.8	0.225686	0.47901
2765.9	0.209458	0.490312
2766.0	0.208448	0.504844
2766.1	0.218706	0.503229
2766.2	0.22398	    0.488698
2766.3	0.224407	0.488159
2766.4	0.22398	    0.483854
2766.5	0.220457	0.489774
2766.6	0.21076	    0.497847
2766.7	0.205486	0.48493
2766.8	0.208089	0.499462
2766.9	0.205845	0.499462
2767.0	0.199538	0.499462
2767.1	0.193029	0.498924
2767.2	0.187238	0.494618
2767.3	0.189707	0.497847
2767.4	0.202119	0.481701
2767.5	0.216237	0.467169
2767.6	0.223217	0.465554
2767.7	0.226382	0.452099
2767.8	0.230534	0.462863
2767.9	0.230602	0.474704
2768.0	0.223756	0.495156
2768.1	0.214396	0.508073
2768.2	0.205979	0.536598
2768.3	0.202658	0.532293
2768.4	0.192961	0.540366
2768.5	0.171571	0.573197
2768.6	0.150383	0.607643
2768.7	0.129441	0.614101
2768.8	0.110026	0.629171
2768.9	0.099948	0.636706
2769.0	0.101946	0.660388
2769.1	0.106727	0.656082
2769.2	0.111485	0.661464
2769.3	0.117658	0.667384
2769.4	0.11887	    0.67169
2769.5	0.124616	0.616792
2769.6	0.143335	0.561356
2769.7	0.167149	0.532831
2769.8	0.187417	0.491927
2769.9	0.196889	0.46986
2770.0	0.192961	0.44564
2770.1	0.186901	0.447255
2770.2	0.184499	0.463402
2770.3	0.183848	0.477933
2770.4	0.183377	0.477933
2770.5	0.178933	0.476857
2770.6	0.171459	0.467707
2770.7	0.164568	0.472551
2770.8	0.165399	0.471475
2770.9	0.175364	0.461249
2771.0	0.185307	0.457481
2771.1	0.19148	    0.466631
2771.2	0.193926	0.46071
2771.3	0.197136	0.450484
2771.4	0.19451	    0.446179
2771.5	0.188203	0.449946
2771.6	0.183377	0.43972
2771.7	0.175297	0.437029
2771.8	0.161179	0.456405
2771.9	0.15063	    0.457481
2772.0	0.149126	0.468245
2772.1	0.151483	0.478471
2772.2	0.154311	0.482777
2772.3	0.156218	0.477395
2772.4	0.156982	0.472551
2772.5	0.154019	0.474166
2772.6	0.146814	0.488159
2772.7	0.139766	0.48493
2772.8	0.138711	0.499462
2772.9	0.14017	    0.5
2773.0	0.142751	0.502153
2773.1	0.150921	0.476319
2773.2	0.159989	0.464478
2773.3	0.166745	0.487621
2773.4	0.168563	0.477933
2773.5	0.163266	0.479548
2773.6	0.154198	0.495156
2773.7	0.144682	0.503767
2773.8	0.135524	0.492465
2773.9	0.132718	0.478471
2774.0	0.138981	0.48493
2774.1	0.142886	0.498385
2774.2	0.142302	0.492465
2774.3	0.13815	    0.527987
2774.4	0.1353	    0.542519
2774.5	0.137971	0.541442
2774.6	0.141225	0.532293
2774.7	0.144143	0.534446
2774.8	0.15036	    0.508073
2774.9	0.15954	    0.48493
2775.0	0.168608	0.44887
2775.1	0.176801	0.428418
2775.2	0.185599	0.416577
2775.3	0.197899	0.398278
2775.4	0.205575	0.408504
2775.5	0.201872	0.413348
2775.6	0.198079	0.411733
2775.7	0.191368	0.396125
2775.8	0.182345	0.386437
2775.9	0.180257	0.386975
2776.0	0.182681	0.391819
2776.1	0.187507	0.393434
2776.2	0.191951	0.40958
2776.3	0.19258	    0.422497
2776.4	0.187081	0.409042
2776.5	0.177721	0.420883
2776.6	0.17615	    0.43972
2776.7	0.180212	0.434876
2776.8	0.180998	0.433262
2776.9	0.181155	0.419268
2777.0	0.188764	0.423574
2777.1	0.193006	0.41873
2777.2	0.184567	0.419806
2777.3	0.170157	0.428956
2777.4	0.156959	0.42465
2777.5	0.152425	0.427879
2777.6	0.161291	0.411195
2777.7	0.171481	0.392357
2777.8	0.180571	0.398278
2777.9	0.191906	0.409042
2778.0	0.206406	0.418192
2778.1	0.220389	0.411195
2778.2	0.228223	0.391281
2778.3	0.228582	0.386437
2778.4	0.223891	0.386437
2778.5	0.215227	0.386975
2778.6	0.207304	0.392357
2778.7	0.20562	    0.397201
2778.8	0.208516	0.396663
2778.9	0.208157	0.392357
2779.0	0.208471	0.39774
2779.1	0.208987	0.40366
2779.2	0.206294	0.411733
2779.3	0.205194	0.39774
2779.4	0.208695	0.403122
2779.5	0.21498	    0.406889
2779.6	0.216192	0.398278
2779.7	0.211456	0.407427
2779.8	0.20966	    0.403122
2779.9	0.212444	0.406889
2780.0	0.212062	0.398816
2780.1	0.211995	0.412271
2780.2	0.214733	0.402583
2780.3	0.216888	0.40366
2780.4	0.220636	0.412809
2780.5	0.225035	0.409042
2780.6	0.223711	0.418192
2780.7	0.217584	0.412809
2780.8	0.21581	    0.409042
2780.9	0.220389	0.418192
2781.0	0.222005	0.413886
2781.1	0.217696	0.417653
2781.2	0.210581	0.406889
2781.3	0.208022	0.39774
2781.4	0.206518	0.402045
2781.5	0.202972	0.39774
2781.6	0.202209	0.398278
2781.7	0.192759	0.357912
2781.8	0.167643	0.293864
2781.9	0.12879	    0.233584
2782.0	0.089915	0.168999
2782.1	0.063295	0.149085
2782.2	0.044733	0.145318
2782.3	0.031782	0.155544
2782.4	0.022917	0.160388
2782.5	0.01322	    0.162002
2782.6	0.006487	0.177072
2782.7	0.005566	0.181916
2782.8	0.008013	0.179225
2782.9	0.011267	0.155005
2783.0	0.016677	0.156082
2783.1	0.025296	0.164155
2783.2	0.03571	    0.150161
2783.3	0.052454	0.155544
2783.4	0.079972	0.167384
2783.5	0.114964	0.232508
2783.6	0.154243	0.300861
2783.7	0.188293	0.350915
2783.8	0.208336	0.371367
2783.9	0.214688	0.381055
2784.0	0.206563	0.381055
2784.1	0.194039	0.384284
2784.2	0.184948	0.414424
2784.3	0.174444	0.425188
2784.4	0.163984	0.435953
2784.5	0.157094	0.447255
2784.6	0.155478	0.46394
2784.7	0.155253	0.482777
2784.8	0.15862	    0.477395
2784.9	0.167194	0.466631
2785.0	0.177003	0.414424
2785.1	0.185195	0.372982
2785.2	0.193814	0.351453
2785.3	0.200166	0.37944
2785.4	0.200839	0.410657
2785.5	0.194263	0.384284
2785.6	0.190268	0.365985
2785.7	0.191278	0.378364
2785.8	0.183063	0.405813
2785.9	0.17193	    0.437567
2786.0	0.171144	0.463402
2786.1	0.171122	0.475242
2786.2	0.166251	0.453175
2786.3	0.163693	0.470398
2786.4	0.168496	0.449408
2786.5	0.175566	0.433262
2786.6	0.174466	0.417653
2786.7	0.166857	0.410118
2786.8	0.159832	0.429494
2786.9	0.154445	0.428956
2787.0	0.157745	0.422497
2787.1	0.173209	0.407427
2787.2	0.192063	0.399354
2787.3	0.207438	0.37352
2787.4	0.218796	0.404198
2787.5	0.228065	0.41873
2787.6	0.229412	0.421421
2787.7	0.224923	0.444026
2787.8	0.215339	0.427341
2787.9	0.203376	0.406889
2788.0	0.196193	0.398278
2788.1	0.192939	0.40366
2788.2	0.18928	    0.376211
2788.3	0.183085	0.431109
2788.4	0.177856	0.444026
2788.5	0.179831	0.427879
2788.6	0.182098	0.412271
2788.7	0.186228	0.402045
2788.8	0.191749	0.39774
2788.9	0.191929	0.403122
2789.0	0.188674	0.407966
2789.1	0.191906	0.405813
2789.2	0.20378	    0.384822
2789.3	0.215676	0.369214
2789.4	0.217337	0.360603
2789.5	0.208179	0.371905
2789.6	0.200435	0.389128
2789.7	0.194622	0.417653
2789.8	0.191323	0.456943
2789.9	0.195206	0.459634
2790.0	0.205037	0.437029
2790.1	0.214217	0.40366
2790.2	0.223083	0.366523
2790.3	0.228873	0.333154
2790.4	0.223599	0.340151
2790.5	0.216753	0.361679
2790.6	0.214823	0.380517
2790.7	0.217045	0.374058
2790.8	0.223689	0.351453
2790.9	0.232128	0.280409
2791.0	0.235831	0.244349
2791.1	0.230332	0.224973
2791.2	0.221332	0.228202
2791.3	0.214396	0.264263
2791.4	0.20865	    0.32239
2791.5	0.205373	0.326695
2791.6	0.205553	0.32239
2791.7	0.20975	    0.323466
2791.8	0.208448	0.28902
2791.9	0.199111	0.284177
2792.0	0.186228	0.282562
2792.1	0.171055	0.262648
2792.2	0.142392	0.215823
2792.3	0.104886	0.175996
2792.4	0.073732	0.128633
2792.5	0.051242	0.132939
2792.6	0.041972	0.128633
2792.7	0.046619	0.136168
2792.8	0.062532	0.164155
2792.9	0.088636	0.204521
2793.0	0.122887	0.265877
2793.1	0.158036	0.346609
2793.2	0.187866	0.422497
2793.3	0.21682	    0.458558
2793.4	0.237088	0.477395
2793.5	0.244967	0.471475
2793.6	0.250309	0.461249
2793.7	0.25399	    0.460172
2793.8	0.253945	0.497309
2793.9	0.245909	0.530678
2794.0	0.234462	0.568353
2794.1	0.232554	0.555436
2794.2	0.239423	0.526911
2794.3	0.245999	0.53014
2794.4	0.245258	0.516146
2794.5	0.240612	0.522067
2794.6	0.240657	0.529064
2794.7	0.248491	0.505382
2794.8	0.262811	0.507535
2794.9	0.279016	0.483315
2795.0	0.293022	0.483315
2795.1	0.298656	0.485468
2795.2	0.295446	0.507535
2795.3	0.293448	0.531755
2795.4	0.281597	0.532831
2795.5	0.25978	    0.543057
2795.6	0.244563	0.549516
2795.7	0.238547	0.564586
2795.8	0.23536	    0.571582
2795.9	0.225686	0.587191
2796.0	0.206518	0.550054
2796.1	0.183646	0.51507
2796.2	0.173277	0.464478
2796.3	0.175162	0.446179
2796.4	0.181806	0.497309
2796.5	0.188899	0.527987
2796.6	0.197338	0.543595
2796.7	0.211232	0.548977
2796.8	0.229973	0.511302
2796.9	0.25491	    0.518837
2797.0	0.280924	0.497309
2797.1	0.296254	0.477395
2797.2	0.294817	0.475242
2797.3	0.27951	    0.502691
2797.4	0.261688	0.532293
2797.5	0.252643	0.537137
2797.6	0.25188	    0.536598
2797.7	0.255202	0.531216
2797.8	0.260633	0.525296
2797.9	0.266334	0.51507
2798.0	0.269836	0.510226
2798.1	0.266626	0.511302
2798.2	0.259421	0.52099
2798.3	0.252194	0.524758
2798.4	0.239221	0.558665
2798.5	0.225596	0.558665
2798.6	0.219042	0.560818
2798.7	0.220726	0.579117
2798.8	0.225148	0.567815
2798.9	0.225552	0.553283
2799.0	0.219357	0.55436
2799.1	0.208763	0.562971
2799.2	0.19671	    0.55113
2799.3	0.183916	0.530678
2799.4	0.173658	0.523143
2799.5	0.172289	0.544133
2799.6	0.177631	0.56028
2799.7	0.183983	0.574812
2799.8	0.19157	    0.57535
2799.9	0.197922	0.579656
2800.0	0.205688	0.574273
2800.1	0.217584	0.569968
2800.2	0.226405	0.574273
2800.3	0.235899	0.565124
2800.4	0.248333	0.526372
2800.5	0.251992	0.527449
2800.6	0.246022	0.538751
2800.7	0.248827	0.550054
2800.8	0.262115	0.520452
2800.9	0.272821	0.516146
2801.0	0.274639	0.522067
2801.1	0.270913	0.532293
2801.2	0.266492	0.536598
2801.3	0.259736	0.53014
2801.4	0.251206	0.515608
2801.5	0.249119	0.516685
2801.6	0.252059	0.526911
2801.7	0.247391	0.531755
2801.8	0.237739	0.531755
2801.9	0.228829	0.530678
2802.0	0.223442	0.52099
2802.1	0.227796	0.522067
2802.2	0.237941	0.531216
2802.3	0.246493	0.526372
2802.4	0.253294	0.525296
2802.5	0.258097	0.516146
2802.6	0.254461	0.523143
2802.7	0.244899	0.543057
2802.8	0.242206	0.547901
2802.9	0.249703	0.547901
2803.0	0.251341	0.54521
2803.1	0.245999	0.519376
2803.2	0.240276	0.507535
2803.3	0.23123	    0.534446
2803.4	0.228043	0.558665
2803.5	0.22829	    0.556512
2803.6	0.2293	    0.535522
2803.7	0.233542	0.519914
2803.8	0.232981	0.508611
2803.9	0.226809	0.493003
2804.0	0.214149	0.481163
2804.1	0.202343	0.463402
2804.2	0.19534	    0.477395
2804.3	0.186048	0.474704
2804.4	0.170247	0.498924
2804.5	0.159855	0.546286
2804.6	0.156937	0.581808
2804.7	0.156578	0.595264
2804.8	0.157026	0.587191
2804.9	0.15568	    0.601722
2805.0	0.158485	0.603875
2805.1	0.161942	0.623251
2805.2	0.158081	0.623789
2805.3	0.146679	0.631862
2805.4	0.136489	0.662002
2805.5	0.130923	0.672766
2805.6	0.127533	0.68084
2805.7	0.12805	    0.66577
2805.8	0.128835	0.658773
2805.9	0.126703	0.639397
2806.0	0.125805	0.64155
2806.1	0.129554	0.660926
2806.2	0.135659	0.66254
2806.3	0.136287	0.677072
2806.4	0.13099	    0.677072
2806.5	0.130272	0.678687
2806.6	0.12897	    0.693219
2806.7	0.121294	0.693219
2806.8	0.116176	0.692142
2806.9	0.116872	0.683531
2807.0	0.11988	    0.69268
2807.1	0.121002	0.688913
2807.2	0.121406	0.699139
2807.3	0.12071	    0.704521
2807.4	0.120665	0.708288
2807.5	0.125828	0.697524
2807.6	0.137477	0.68676
2807.7	0.149373	0.675996
2807.8	0.154243	0.665231
2807.9	0.152201	0.657696
2808.0	0.147353	0.679225
2808.1	0.141382	0.699677
2808.2	0.138397	0.709903
2808.3	0.131888	0.715823
2808.4	0.122483	0.726588
2808.5	0.114605	0.736814
2808.6	0.108994	0.741658
2808.7	0.108096	0.741119
2808.8	0.107804	0.736276
2808.9	0.105986	0.737352
2809.0	0.107782	0.744349
2809.1	0.115032	0.72282
2809.2	0.120418	0.746502
2809.3	0.122685	0.742196
2809.4	0.125581	0.747578
2809.5	0.128117	0.752422
2809.6	0.13081	    0.748116
2809.7	0.133594	0.714747
2809.8	0.13016	    0.713671
2809.9	0.120059	0.705597
2810.0	0.11153	    0.721206
2810.1	0.107872	0.730355
2810.2	0.105784	0.725511
2810.3	0.105133	0.72605
2810.4	0.106996	0.731432
2810.5	0.114852	0.73789
2810.6	0.128992	0.751884
2810.7	0.139654	0.745963
2810.8	0.141539	0.732508
2810.9	0.142392	0.699139
2811.0	0.138734	0.702368
2811.1	0.127017	0.687836
2811.2	0.119431	0.688913
2811.3	0.120261	0.696986
2811.4	0.130115	0.684069
2811.5	0.146993	0.696448
2811.6	0.160797	0.675457
2811.7	0.166319	0.661464
2811.8	0.168227	0.666846
2811.9	0.161852	0.674381
2812.0	0.147465	0.699677
2812.1	0.135906	0.704521
2812.2	0.130362	0.666846
2812.3	0.122842	0.672228
2812.4	0.110655	0.680301
2812.5	0.103652	0.71098
2812.6	0.10217	    0.726588
2812.7	0.109039	0.737352
2812.8	0.117186	0.748654
2812.9	0.119341	0.76211
2813.0	0.113595	0.749731
2813.1	0.106323	0.72605
2813.2	0.104011	0.73197
2813.3	0.104662	0.741658
2813.4	0.105739	0.741119
2813.5	0.101116	0.736276
2813.6	0.09638	    0.737352
2813.7	0.098332	0.746502
2813.8	0.103023	0.743272
2813.9	0.106255	0.755113
2814.0	0.109734	0.730893
2814.1	0.111799	0.73197
2814.2	0.114066	0.741119
2814.3	0.116625	0.734661
2814.4	0.116311	0.721206
2814.5	0.115054	0.730893
2814.6	0.116513	0.730355
2814.7	0.122528	0.723897
2814.8	0.131551	0.710441
2814.9	0.133235	0.719053
2815.0	0.130249	0.708288
2815.1	0.133459	0.699139
2815.2	0.13815	    0.704521
2815.3	0.141921	0.710441
2815.4	0.146185	0.720129
2815.5	0.153435	0.719591
2815.6	0.160618	0.7169
2815.7	0.161201	0.741119
2815.8	0.147891	0.786868
2815.9	0.129778	0.811087
2816.0	0.116333	0.855759
2816.1	0.105829	0.865447
2816.2	0.102507	0.863832
2816.3	0.108455	0.850915
2816.4	0.111889	0.865447
2816.5	0.108971	0.865447
2816.6	0.108231	0.865447
2816.7	0.113954	0.863294
2816.8	0.119498	0.842842
2816.9	0.125132	0.832616
2817.0	0.126321	0.827772
2817.1	0.11667	    0.828848
2817.2	0.102664	0.839074
2817.3	0.091778	0.844456
2817.4	0.089826	0.848224
2817.5	0.091442	0.83746
2817.6	0.088187	0.82831
2817.7	0.084506	0.831001
2817.8	0.086167	0.810011
2817.9	0.086773	0.792788
2818.0	0.085628	0.767492
2818.1	0.087648	0.757804
2818.2	0.090409	0.757804
2818.3	0.09308	    0.759419
2818.4	0.096986	0.772336
2818.5	0.102507	0.760495
2818.6	0.105043	0.784715
2818.7	0.10336	    0.782024
2818.8	0.105694	0.758881
2818.9	0.115234	0.766954
2819.0	0.126187	0.753498
2819.1	0.135659	0.764801
2819.2	0.149305	0.777718
2819.3	0.161875	0.761572
2819.4	0.161336	0.746502
2819.5	0.148116	0.741119
2819.6	0.132853	0.73789
2819.7	0.123359	0.752422
2819.8	0.114066	0.75296
2819.9	0.104752	0.757804
2820.0	0.095257	0.759419
2820.1	0.091307	0.774489
2820.2	0.09207	    0.778794
2820.3	0.093619	0.77395
2820.4	0.095863	0.773412
2820.5	0.099589	0.771798
2820.6	0.104078	0.799785
2820.7	0.108276	0.78902
2820.8	0.10868	    0.778256
2820.9	0.106323	0.769107
2821.0	0.107714	0.774489
2821.1	0.113573	0.776103
2821.2	0.114493	0.742196
2821.3	0.114583	0.696448
2821.4	0.129127	0.675457
2821.5	0.146185	0.659849
2821.6	0.151976	0.64747
2821.7	0.150787	0.623789
2821.8	0.149979	0.628633
2821.9	0.151325	0.628633
2822.0	0.154153	0.628095
2822.1	0.153368	0.617869
2822.2	0.148116	0.576426
2822.3	0.143021	0.591496
2822.4	0.142841	0.59634
2822.5	0.143582	0.596878
2822.6	0.137432	0.601722
2822.7	0.125738	0.602799
2822.8	0.123314	0.614101
2822.9	0.134896	0.629171
2823.0	0.145557	0.635091
2823.1	0.142998	0.640474
2823.2	0.131955	0.604413
2823.3	0.126097	0.58127
2823.4	0.126681	0.588805
2823.5	0.125962	0.572121
2823.6	0.125962	0.594726
2823.7	0.124638	0.580732
2823.8	0.118735	0.587191
2823.9	0.114919	0.602799
2824.0	0.115525	0.613025
2824.1	0.121586	0.617869
2824.2	0.129441	0.616254
2824.3	0.132067	0.60226
2824.4	0.131955	0.608181
2824.5	0.130406	0.61733
2824.6	0.128633	0.612487
2824.7	0.125513	0.614639
2824.8	0.121586	0.633477
2824.9	0.121249	0.632939
2825.0	0.12273	    0.675457
2825.1	0.121675	0.717438
2825.2	0.115166	0.785253
2825.3	0.105403	0.790097
2825.4	0.10033	    0.786329
2825.5	0.099499	0.750269
2825.6	0.099522	0.728741
2825.7	0.102732	0.706674
2825.8	0.104527	0.682454
2825.9	0.108837	0.682454
2826.0	0.117231	0.681378
2826.1	0.124571	0.671152
2826.2	0.133571	0.665231
2826.3	0.143245	0.653929
2826.4	0.148722	0.638321
2826.5	0.150248	0.629171
2826.6	0.149552	0.634015
2826.7	0.14522	    0.63563
2826.8	0.140013	0.652314
2826.9	0.136108	0.673305
2827.0	0.131843	0.686222
2827.1	0.130676	0.670614
2827.2	0.133908	0.663617
2827.3	0.13714	    0.686222
2827.4	0.136938	0.673305
2827.5	0.13301	    0.688913
2827.6	0.12805	    0.697524
2827.7	0.127601	0.687298
2827.8	0.130855	0.682992
2827.9	0.133594	0.687298
2828.0	0.1342	    0.681916
2828.1	0.130474	0.67761
2828.2	0.129845	0.681916
2828.3	0.132673	0.674919
2828.4	0.13494	    0.652314
2828.5	0.144076	0.615716
2828.6	0.161987	0.543057
2828.7	0.170067	0.447793
2828.8	0.155635	0.369752
2828.9	0.125895	0.312702
2829.0	0.097569	0.233584
2829.1	0.068144	0.218515
2829.2	0.041254	0.25296
2829.3	0.028124	0.257804
2829.4	0.034453	0.213132
2829.5	0.058941	0.21098
2829.6	0.095482	0.288482
2829.7	0.139699	0.430032
2829.8	0.18212	    0.579656
2829.9	0.20663	    0.624327
2830.0	0.212646	0.633477
2830.1	0.217584	0.628095
2830.2	0.230804	0.621098
2830.3	0.245864	0.598493
2830.4	0.255942	0.567277
2830.5	0.26097	    0.546825
2830.6	0.260768	0.534446
2830.7	0.256773	0.511841
2830.8	0.24445	    0.532831
2830.9	0.221377	0.587729
2831.0	0.202523	0.604952
2831.1	0.200009	0.587729
2831.2	0.210962	0.608181
2831.3	0.219222	0.615716
2831.4	0.222364	0.596878
2831.5	0.222723	0.601184
2831.6	0.221803	0.599031
2831.7	0.222387	0.622713
2831.8	0.224138	0.618407
2831.9	0.22737	    0.623789
2832.0	0.22829	    0.630248
2832.1	0.22508	    0.643165
2832.2	0.218436	0.631324
2832.3	0.195363	0.661464
2832.4	0.156735	0.713671
2832.5	0.123965	0.756189
2832.6	0.10648	    0.790097
2832.7	0.100869	0.787406
2832.8	0.103989	0.764263
2832.9	0.110094	0.774489
2833.0	0.112877	0.780409
2833.1	0.112742	0.786868
2833.2	0.11548	    0.758881
2833.3	0.124234	0.763724
2833.4	0.136399	0.7169
2833.5	0.146141	0.686222
2833.6	0.152268	0.670614
2833.7	0.151729	0.66254
2833.8	0.147824	0.680301
2833.9	0.144861	0.709903
2834.0	0.148228	0.713671
2834.1	0.163378	0.700753
2834.2	0.186026	0.668999
2834.3	0.213207	0.642626
2834.4	0.239064	0.620022
2834.5	0.248491	0.586652
2834.6	0.243193	0.544672
2834.7	0.23857	    0.512379
2834.8	0.231342	0.482777
2834.9	0.216282	0.47901
2835.0	0.203331	0.491389
2835.1	0.195879	0.519376
2835.2	0.195408	0.553821
2835.3	0.194667	0.556512
2835.4	0.193612	0.537137
2835.5	0.192041	0.53929
2835.6	0.193971	0.558665
2835.7	0.196373	0.557589
2835.8	0.196014	0.548977
2835.9	0.198774	0.559203
2836.0	0.201894	0.565662
2836.1	0.196171	0.582347
2836.2	0.185711	0.599569
2836.3	0.187327	0.579656
2836.4	0.19231	    0.576964
2836.5	0.186295	0.597955
2836.6	0.174399	0.616792
2836.7	0.164209	0.653391
2836.8	0.155994	0.687836
2836.9	0.143245	0.738428
2837.0	0.130855	0.757804
2837.1	0.125132	0.756728
2837.2	0.126681	0.745963
2837.3	0.134132	0.733046
2837.4	0.143761	0.703445
2837.5	0.14944	    0.700215
2837.6	0.15027	    0.712594
2837.7	0.151505	0.688375
2837.8	0.154445	0.639935
2837.9	0.158732	0.595802
2838.0	0.164703	0.592034
2838.1	0.167823	0.601184
2838.2	0.165107	0.59634
2838.3	0.161111	0.598493
2838.4	0.160371	0.618945
2838.5	0.164007	0.624865
2838.6	0.165713	0.592573
2838.7	0.167306	0.606566
2838.8	0.168227	0.597955
2838.9	0.168137	0.563509
2839.0	0.173344	0.559742
2839.1	0.184791	0.568891
2839.2	0.190919	0.562971
2839.3	0.190245	0.553283
2839.4	0.201356	0.553283
2839.5	0.222768	0.550054
2839.6	0.236303	0.520452
2839.7	0.24555	    0.514532
2839.8	0.252912	0.504844
2839.9	0.251992	0.50592
2840.0	0.245214	0.516685
2840.1	0.242498	0.527987
2840.2	0.239872	0.541981
2840.3	0.23453	    0.536598
2840.4	0.23224	    0.532831
2840.5	0.232061	0.53929
2840.6	0.23114	    0.502691
2840.7	0.227751	0.430571
2840.8	0.213499	0.33746
2840.9	0.18405	    0.234123
2841.0	0.141315	0.174381
2841.1	0.093911	0.156082
2841.2	0.05737	    0.166308
2841.3	0.032546	0.170614
2841.4	0.015734	0.166308
2841.5	0.008686	0.17169
2841.6	0.006936	0.178149
2841.7	0.006397	0.192142
2841.8	0.005522	0.186222
2841.9	0.005993	0.17761
2842.0	0.006217	0.185145
2842.1	0.003703	0.16577
2842.2	0.000786	0.166308
2842.3	0.0	        0.17169
2842.4	0.00083	    0.176534
2842.5	0.002379	0.177072
2842.6	0.005073	0.181916
2842.7	0.009876	0.186222
2842.8	0.017844	0.230355
2842.9	0.032321	0.276103
2843.0	0.055709	0.301938
2843.1	0.090185	0.323466
2843.2	0.134132	0.392357
2843.3	0.185801	0.493003
2843.4	0.230781	0.528525
2843.5	0.246044	0.498924
2843.6	0.236123	0.495694
2843.7	0.217404	0.511302
2843.8	0.204745	0.522067
2843.9	0.205463	0.533369
2844.0	0.215406	0.548439
2844.1	0.221063	0.552745
2844.2	0.217606	0.548439
2844.3	0.208448	0.551668
2844.4	0.20461	    0.537675
2844.5	0.213319	0.544133
2844.6	0.221893	0.56028
2844.7	0.219649	0.573735
2844.8	0.215047	0.563509
2844.9	0.215788	0.559203
2845.0	0.22196	    0.562433
2845.1	0.225058	0.547363
2845.2	0.217	    0.541981
2845.3	0.208314	0.53606
2845.4	0.199021	0.526911
2845.5	0.19341	    0.530678
2845.6	0.200346	0.523681
2845.7	0.213611	0.548977
2845.8	0.219738	0.562433
2845.9	0.206877	0.600108
2846.0	0.181828	0.639397
2846.1	0.159563	0.684607
2846.2	0.140664	0.703983
2846.3	0.123336	0.702368
2846.4	0.11658	    0.690527
2846.5	0.122124	0.714747
2846.6	0.13108	    0.713132
2846.7	0.133526	0.696448
2846.8	0.134851	0.672766
2846.9	0.141764	0.629709
2847.0	0.152089	0.592034
2847.1	0.170494	0.599031
2847.2	0.193141	0.571582
2847.3	0.204184	0.538213
2847.4	0.201401	0.496771
2847.5	0.189594	0.462325
2847.6	0.169259	0.360065
2847.7	0.1443	    0.224973
2847.8	0.128566	0.183531
2847.9	0.127152	0.251884
2848.0	0.140731	0.349839
2848.1	0.15256	    0.389128
2848.2	0.142706	0.26803
2848.3	0.116154	0.174381
2848.4	0.083586	0.155544
2848.5	0.053218	0.159849
2848.6	0.031648	0.156082
2848.7	0.017283	0.166308
2848.8	0.009607	0.172766
2848.9	0.006397	0.18676
2849.0	0.003838	0.183531
2849.1	0.003659	0.198062
2849.2	0.005185	0.196986
2849.3	0.007654	0.185684
2849.4	0.011425	0.171152
2849.5	0.018383	0.172766
2849.6	0.030054	0.190527
2849.7	0.047718	0.227664
2849.8	0.072027	0.303014
2849.9	0.102148	0.383746
2850.0	0.133885	0.505382
2850.1	0.155186	0.552207
2850.2	0.162772	0.541981
2850.3	0.170875	0.534446
2850.4	0.187283	0.503229
2850.5	0.202972	0.442411
2850.6	0.20479	    0.419806
2850.7	0.19671	    0.482239
2850.8	0.195767	0.568353
2850.9	0.202702	0.606566
2851.0	0.213858	0.599031
2851.1	0.22104	    0.572659
2851.2	0.229928	0.553283
2851.3	0.245573	0.553283
2851.4	0.251543	0.55436
2851.5	0.246022	0.567815
2851.6	0.233318	0.604413
2851.7	0.209683	0.632939
2851.8	0.185689	0.67169
2851.9	0.167755	0.670614
2852.0	0.156824	0.66254
2852.1	0.156263	0.675996
2852.2	0.164411	0.66254
2852.3	0.174803	0.627018
2852.4	0.17386	    0.614639
2852.5	0.158822	0.635091
2852.6	0.142796	0.64747
2852.7	0.136893	0.668999
2852.8	0.143335	0.642626
2852.9	0.15972	    0.616792
2853.0	0.179113	0.561895
2853.1	0.192849	0.540366
2853.2	0.200233	0.518299
2853.3	0.204161	0.486006
2853.4	0.205396	0.411195
2853.5	0.204835	0.350915
2853.6	0.199066	0.382131
2853.7	0.193657	0.486545
2853.8	0.190335	0.516146
2853.9	0.183916	0.521529
2854.0	0.182502	0.52422
2854.1	0.18735	    0.504306
2854.2	0.1935	    0.500538
2854.3	0.191525	0.512379
2854.4	0.189146	0.531216
2854.5	0.183983	0.52422
2854.6	0.167463	0.504306
2854.7	0.153907	0.496233
2854.8	0.155119	0.465016
2854.9	0.165219	0.446179
2855.0	0.17817	    0.45479
2855.1	0.184701	0.49085
2855.2	0.186744	0.509688
2855.3	0.187664	0.502153
2855.4	0.188831	0.476857
2855.5	0.190268	0.46394
2855.6	0.193433	0.428956
2855.7	0.195363	0.381055
2855.8	0.196844	0.380517
2855.9	0.207034	0.376749
2856.0	0.218347	0.389128
2856.1	0.223936	0.412271
2856.2	0.232106	0.403122
2856.3	0.246695	0.410118
2856.4	0.267749	0.432723
2856.5	0.285188	0.465016
2856.6	0.287994	0.495156
2856.7	0.273382	0.507535
2856.8	0.239445	0.534446
2856.9	0.205171	0.56028
2857.0	0.181155	0.576964
2857.1	0.167621	0.597417
2857.2	0.165152	0.60549
2857.3	0.170426	0.587191
2857.4	0.177586	0.548439
2857.5	0.179651	0.506459
2857.6	0.179898	0.529602
2857.7	0.175162	0.609257
2857.8	0.163378	0.674919
2857.9	0.153188	0.702906
2858.0	0.150226	0.690527
2858.1	0.152897	0.66254
2858.2	0.15853	    0.627018
2858.3	0.16284	    0.610872
2858.4	0.168025	0.597955
2858.5	0.17312	    0.609257
2858.6	0.17404	    0.579656
2858.7	0.175072	0.572659
2858.8	0.180033	0.551668
2858.9	0.190806	0.533907
2859.0	0.202747	0.504306
2859.1	0.220457	0.5
2859.2	0.237178	0.508611
2859.3	0.241757	0.542519
2859.4	0.239759	0.541442
2859.5	0.241196	0.53014
2859.6	0.243642	0.510764
2859.7	0.235495	0.467707
2859.8	0.215361	0.414962
2859.9	0.178664	0.329386
2860.0	0.125311	0.25296
2860.1	0.076605	0.215823
2860.2	0.046843	0.230355
2860.3	0.028595	0.228202
2860.4	0.016497	0.209903
2860.5	0.01019	    0.220667
2860.6	0.00808	    0.229817
2860.7	0.006756	0.22282
2860.8	0.007968	0.201292
2860.9	0.013153	0.182454
2861.0	0.022221	0.18676
2861.1	0.037102	0.181916
2861.2	0.058178	0.182454
2861.3	0.086414	0.191066
2861.4	0.119363	0.224973
2861.5	0.144053	0.223897
2861.6	0.151123	0.213671
2861.7	0.151662	0.2169
2861.8	0.162503	0.295479
2861.9	0.183983	0.405274
2862.0	0.214015	0.523681
2862.1	0.244002	0.543595
2862.2	0.26189	    0.510226
2862.3	0.265616	0.511841
2862.4	0.260117	0.527987
2862.5	0.250398	0.541442
2862.6	0.240321	0.531755
2862.7	0.231904	0.531755
2862.8	0.22113	    0.532831
2862.9	0.208605	0.54521
2863.0	0.1913	    0.569429
2863.1	0.173097	0.568891
2863.2	0.165331	0.565124
2863.3	0.169865	0.571044
2863.4	0.186407	0.533369
2863.5	0.204969	0.492465
2863.6	0.217404	0.433262
2863.7	0.231253	0.421959
2863.8	0.247279	0.455867
2863.9	0.258456	0.499462
2864.0	0.256414	0.501076
2864.1	0.236662	0.518837
2864.2	0.206585	0.547363
2864.3	0.175723	0.535522
2864.4	0.150989	0.466093
2864.5	0.13732	    0.363294
2864.6	0.140776	0.35845
2864.7	0.160483	0.452099
2864.8	0.190313	0.55436
2864.9	0.219334	0.563509
2865.0	0.235876	0.558127
2865.1	0.241577	0.553283
2865.2	0.240971	0.551668
2865.3	0.236168	0.53606
2865.4	0.228649	0.527449
2865.5	0.222005	0.53606
2865.6	0.21902	    0.528525
2865.7	0.219357	0.549516
2865.8	0.219267	0.564586
2865.9	0.216506	0.568353
2866.0	0.218863	0.555974
2866.1	0.225125	0.531755
2866.2	0.224182	0.532831
2866.3	0.217741	0.54521
2866.4	0.218347	0.569968
2866.5	0.227527	0.574812
2866.6	0.229771	0.574812
2866.7	0.217853	0.574273
2866.8	0.203106	0.568353
2866.9	0.197046	0.559742
2867.0	0.194667	0.570506
2867.1	0.189505	0.580732
2867.2	0.182816	0.586652
2867.3	0.169326	0.594187
2867.4	0.153817	0.571044
2867.5	0.148924	0.53606
2867.6	0.156645	0.529602
2867.7	0.174219	0.558127
2867.8	0.193208	0.552207
2867.9	0.201221	0.543057
2868.0	0.200525	0.548439
2868.1	0.199538	0.55436
2868.2	0.198819	0.560818
2868.3	0.19855	    0.532831
2868.4	0.193881	0.541442
2868.5	0.177609	0.535522
2868.6	0.15981	    0.573197
2868.7	0.151348	0.614639
2868.8	0.138958	0.684069
2868.9	0.119498	0.745425
2869.0	0.10731	    0.775565
2869.1	0.110116	0.734123
2869.2	0.125962	0.664693
2869.3	0.141988	0.606028
2869.4	0.146006	0.597955
2869.5	0.144008	0.615716
2869.6	0.138711	0.650161
2869.7	0.128095	0.69591
2869.8	0.117119	0.722282
2869.9	0.108186	0.743811
2870.0	0.103921	0.763186
2870.1	0.103001	0.762648
2870.2	0.10648	    0.757266
2870.3	0.110475	0.752422
2870.4	0.110183	0.75296
2870.5	0.108859	0.758881
2870.6	0.110767	0.766954
2870.7	0.110632	0.751884
2870.8	0.106547	0.744349
2870.9	0.109039	0.718515
2871.0	0.118264	0.697524
2871.1	0.123	    0.64155
2871.2	0.125558	0.609257
2871.3	0.136758	0.579117
2871.4	0.153615	0.562433
2871.5	0.166813	0.493541
2871.6	0.174152	0.390205
2871.7	0.174219	0.337998
2871.8	0.178619	0.399892
2871.9	0.196418	0.518299
2872.0	0.214531	0.541981
2872.1	0.225327	0.537675
2872.2	0.228537	0.543595
2872.3	0.221309	0.550592
2872.4	0.21581	    0.524758
2872.5	0.216506	0.511841
2872.6	0.216596	0.524758
2872.7	0.215541	0.512379
2872.8	0.215182	0.531216
2872.9	0.222387	0.526911
2873.0	0.235225	0.533907
2873.1	0.237807	0.551668
2873.2	0.229884	0.538213
2873.3	0.223195	0.547901
2873.4	0.22324	    0.546286
2873.5	0.222701	0.531216
2873.6	0.219424	0.527987
2873.7	0.21489	    0.543057
2873.8	0.208516	0.548439
2873.9	0.201513	0.554898
2874.0	0.195116	0.568891
2874.1	0.182726	0.565124
2874.2	0.163625	0.57535
2874.3	0.145714	0.581808
2874.4	0.137858	0.593649
2874.5	0.141719	0.568353
2874.6	0.150405	0.558127
2874.7	0.160685	0.553283
2874.8	0.166386	0.555974
2874.9	0.16486	    0.577503
2875.0	0.157049	0.553821
2875.1	0.148048	0.563509
2875.2	0.141921	0.60226
2875.3	0.13833	    0.60549
2875.4	0.133661	0.589882
2875.5	0.132786	0.576964
2875.6	0.144794	0.540904
2875.7	0.153211	0.472551
2875.8	0.141629	0.3676
2875.9	0.121675	0.244349
2876.0	0.097771	0.184069
2876.1	0.069378	0.203445
2876.2	0.04516	    0.203445
2876.3	0.028056	0.202906
2876.4	0.016385	0.198062
2876.5	0.010504	0.196448
2876.6	0.007474	0.182454
2876.7	0.006217	0.187298
2876.8	0.00624	    0.18676
2876.9	0.005409	0.182454
2877.0	0.003703	0.186222
2877.1	0.003524	0.176534
2877.2	0.004467	0.176534
2877.3	0.006846	0.176534
2877.4	0.009001	0.175996
2877.5	0.00909	    0.170075
2877.6	0.00835	    0.16254
2877.7	0.006172	0.18084
2877.8	0.00496	    0.167922
2877.9	0.006442	0.138859
2878.0	0.007699	0.141012
2878.1	0.007093	0.162002
2878.2	0.005724	0.175996
2878.3	0.005679	0.170075
2878.4	0.006038	0.160388
2878.5	0.006352	0.159849
2878.6	0.008978	0.155005
2878.7	0.012233	0.154467
2878.8	0.015577	0.151238
2878.9	0.021166	0.167384
2879.0	0.030593	0.185145
2879.1	0.048369	0.218515
2879.2	0.07793	    0.256189
2879.3	0.117837	0.302476
2879.4	0.159293	0.372982
2879.5	0.190447	0.441335
2879.6	0.204902	0.449946
2879.7	0.212758	0.441335
2879.8	0.221915	0.454252
2879.9	0.229143	0.483315
2880.0	0.231432	0.482777
2880.1	0.230894	0.476857
2880.2	0.228784	0.469322
2880.3	0.228312	0.488159
2880.4	0.231589	0.483854
2880.5	0.232465	0.487621
2880.6	0.228267	0.477933
2880.7	0.226651	0.477395
2880.8	0.224744	0.472013
2880.9	0.224923	0.467169
2881.0	0.222723	0.467707
2881.1	0.211748	0.470936
2881.2	0.206181	0.457481
2881.3	0.210828	0.466093
2881.4	0.215967	0.455328
2881.5	0.220591	0.446717
2881.6	0.220053	0.456405
2881.7	0.21406	    0.455867
2881.8	0.209638	0.452637
2881.9	0.213925	0.465554
2882.0	0.216237	0.453714
2882.1	0.213297	0.477395
2882.2	0.211254	0.472013
2882.3	0.210468	0.467707
2882.4	0.212937	0.473628
2882.5	0.214194	0.482777
2882.6	0.210222	0.47901
2882.7	0.208157	0.489236
2882.8	0.212084	0.494618
2882.9	0.220546	0.498924
2883.0	0.229771	0.493541
2883.1	0.232375	0.489236
2883.2	0.225372	0.495156
2883.3	0.217516	0.504844
2883.4	0.213139	0.503767
2883.5	0.218212	0.49408
2883.6	0.225843	0.493003
2883.7	0.224429	0.483315
2883.8	0.219536	0.484392
2883.9	0.221601	0.495694
2884.0	0.226472	0.511302
2884.1	0.222005	0.519376
2884.2	0.21085	    0.502691
2884.3	0.205059	0.48493
2884.4	0.198999	0.502153
2884.5	0.191166	0.526372
2884.6	0.189998	0.525296
2884.7	0.18616	    0.514532
2884.8	0.179921	0.502691
2884.9	0.173209	0.482239
2885.0	0.167104	0.472551
2885.1	0.166768	0.475242
2885.2	0.170157	0.499462
2885.3	0.172648	0.502153
2885.4	0.174219	0.526372
2885.5	0.17413	    0.525296
2885.6	0.170112	0.51507
2885.7	0.158665	0.508073
2885.8	0.143447	0.488698
2885.9	0.132539	0.491389
2886.0	0.133885	0.522067
2886.1	0.138734	0.578041
2886.2	0.140574	0.607643
2886.3	0.14246	    0.61141
2886.4	0.146298	0.60226
2886.5	0.152739	0.603337
2886.6	0.158059	0.567815
2886.7	0.160685	0.552207
2886.8	0.157139	0.543057
2886.9	0.142639	0.55113
2887.0	0.122371	0.585576
2887.1	0.102934	0.639397
2887.2	0.087469	0.685684
2887.3	0.076695	0.716362
2887.4	0.069311	0.730893
2887.5	0.066258	0.729817
2887.6	0.063004	0.719053
2887.7	0.055484	0.70775
2887.8	0.049918	0.694295
2887.9	0.049806	0.703445
2888.0	0.05122	    0.699677
2888.1	0.055305	0.710441
2888.2	0.05737	    0.721206
2888.3	0.056966	0.730355
2888.4	0.058627	0.721744
2888.5	0.066303	0.687298
2888.6	0.079456	0.679763
2888.7	0.090836	0.655005
2888.8	0.088771	0.651238
2888.9	0.075393	0.665231
2889.0	0.066415	0.708827
2889.1	0.066932	0.750269
2889.2	0.072431	0.728741
2889.3	0.084349	0.705597
2889.4	0.106233	0.663617
2889.5	0.133122	0.587191
2889.6	0.161875	0.510226
2889.7	0.187889	0.513455
2889.8	0.203151	0.540366
2889.9	0.213229	0.517761
2890.0	0.220367	0.487621
2890.1	0.226651	0.479548
2890.2	0.232622	0.496233
2890.3	0.233363	0.517223
2890.4	0.229906	0.530678
2890.5	0.225888	0.521529
2890.6	0.225574	0.525834
2890.7	0.237178	0.518299
2890.8	0.249456	0.490312
2890.9	0.24481	    0.455328
2891.0	0.238929	0.444564
2891.1	0.24243	    0.4338
2891.2	0.246426	0.426803
2891.3	0.248737	0.456943
2891.4	0.250309	0.507535
2891.5	0.250376	0.531216
2891.6	0.244989	0.52422
2891.7	0.233946	0.503229
2891.8	0.222521	0.487083
2891.9	0.218279	0.472013
2892.0	0.21819	    0.462863
2892.1	0.210962	0.422497
2892.2	0.200862	0.40958
2892.3	0.197518	0.431647
2892.4	0.193792	0.5
2892.5	0.185644	0.554898
2892.6	0.173636	0.569429
2892.7	0.163917	0.568353
2892.8	0.168765	0.555974
2892.9	0.184028	0.529602
2893.0	0.19561	    0.50915
2893.1	0.203488	0.498385
2893.2	0.20571	    0.490312
2893.3	0.205216	0.502153
2893.4	0.210356	0.474166
2893.5	0.21783	    0.444564
2893.6	0.225866	0.489774
2893.7	0.230714	0.542519
2893.8	0.231702	0.541442
2893.9	0.231589	0.529602
2894.0	0.228604	0.505382
2894.1	0.233205	0.456405
2894.2	0.244293	0.40958
2894.3	0.245887	0.379978
2894.4	0.239535	0.425727
2894.5	0.240523	0.490312
2894.6	0.247907	0.544672
2894.7	0.258793	0.513994
2894.8	0.26216	    0.498924
2894.9	0.2517	    0.493541
2895.0	0.242049	0.488159
2895.1	0.236707	0.480624
2895.2	0.230243	0.452099
2895.3	0.226539	0.407966
2895.4	0.22829	    0.363832
2895.5	0.233991	0.361141
2895.6	0.240141	0.427879
2895.7	0.247189	0.504844
2895.8	0.245281	0.500538
2895.9	0.231814	0.455867
2896.0	0.21002	    0.400431
2896.1	0.190358	0.330463
2896.2	0.180773	0.269107
2896.3	0.186699	0.282562
2896.4	0.205126	0.317008
2896.5	0.213925	0.32239
2896.6	0.207999	0.326695
2896.7	0.204094	0.318084
2896.8	0.19754	    0.285791
2896.9	0.179786	0.304629
2897.0	0.164388	0.353068
2897.1	0.157184	0.44564
2897.2	0.152762	0.539828
2897.3	0.150068	0.562433
2897.4	0.152403	0.546286
2897.5	0.158059	0.532293
2897.6	0.165286	0.53606
2897.7	0.174197	0.52422
2897.8	0.188337	0.501076
2897.9	0.20259	    0.463402
2898.0	0.214823	0.424112
2898.1	0.227661	0.378902
2898.2	0.238974	0.362217
2898.3	0.243418	0.386975
2898.4	0.242879	0.397201
2898.5	0.241645	0.447793
2898.6	0.237178	0.466093
2898.7	0.230938	0.455328
2898.8	0.221556	0.44564
2898.9	0.214598	0.445102
2899.0	0.21911	    0.442411
2899.1	0.221983	0.461249
2899.2	0.214172	0.455328
2899.3	0.201782	0.443488
2899.4	0.189325	0.424112
2899.5	0.181155	0.419806
2899.6	0.181043	0.385899
2899.7	0.189033	0.427341
2899.8	0.204072	0.455867
2899.9	0.212915	0.450484
2900.0	0.210042	0.44564
2900.1	0.208516	0.446179
2900.2	0.210917	0.453714
2900.3	0.209571	0.476857
2900.4	0.203219	0.467169
2900.5	0.199919	0.469322
2900.6	0.197966	0.488159
2900.7	0.198887	0.481701
2900.8	0.206159	0.467707
2900.9	0.216686	0.470936
2901.0	0.222566	0.455867
2901.1	0.2148	    0.451023
2901.2	0.200099	0.452099
2901.3	0.189348	0.46394
2901.4	0.170561	0.485468
2901.5	0.143021	0.504306
2901.6	0.12181	    0.498924
2901.7	0.115997	0.48493
2901.8	0.125424	0.401507
2901.9	0.150001	0.341765
2902.0	0.188495	0.284177
2902.1	0.223307	0.290097
2902.2	0.238323	0.342842
2902.3	0.244181	0.386975
2902.4	0.246583	0.395587
2902.5	0.248468	0.432723
2902.6	0.247481	0.461787
2902.7	0.242947	0.461249
2902.8	0.237088	0.453175
2902.9	0.23453	    0.420883
2903.0	0.232016	0.386975
2903.1	0.214262	0.340689
2903.2	0.170494	0.315931
2903.3	0.116244	0.318084
2903.4	0.068525	0.376749
2903.5	0.03681	    0.375135
2903.6	0.020268	0.267492
2903.7	0.013018	0.170075
2903.8	0.010011	0.160926
2903.9	0.009068	0.164155
2904.0	0.010055	0.148547
2904.1	0.012771	0.141012
2904.2	0.017013	0.160388
2904.3	0.019438	0.159311
2904.4	0.020807	0.149623
2904.5	0.020066	0.149085
2904.6	0.015375	0.144241
2904.7	0.011716	0.146394
2904.8	0.010257	0.16577
2904.9	0.010011	0.165231
2905.0	0.009113	0.160388
2905.1	0.006307	0.160388
2905.2	0.003838	0.159311
2905.3	0.003905	0.149623
2905.4	0.005544	0.148547
2905.5	0.006509	0.14155
2905.6	0.007452	0.166308
2905.7	0.008439	0.169537
2905.8	0.010661	0.153929
2905.9	0.010841	0.143703
2906.0	0.008754	0.136168
2906.1	0.007676	0.113563
2906.2	0.00835	    0.128095
2906.3	0.009539	0.128633
2906.4	0.009629	0.1324
2906.5	0.009135	0.123789
2906.6	0.009764	0.132939
2906.7	0.012502	0.130248
2906.8	0.014881	0.150161
2906.9	0.016048	0.152853
2907.0	0.018136	0.1324
2907.1	0.023388	0.124327
2907.2	0.033152	0.142088
2907.3	0.049222	0.17761
2907.4	0.074496	0.240043
2907.5	0.10428	    0.332078
2907.6	0.131529	0.423574
2907.7	0.156241	0.463402
2907.8	0.176711	0.479548
2907.9	0.189572	0.494618
2908.0	0.193949	0.501076
2908.1	0.188988	0.517223
2908.2	0.176554	0.534984
2908.3	0.16358	    0.564047
2908.4	0.152291	0.562971
2908.5	0.139227	0.554898
2908.6	0.130788	0.568891
2908.7	0.126299	0.561895
2908.8	0.124414	0.543595
2908.9	0.125738	0.553821
2909.0	0.130025	0.56028
2909.1	0.137634	0.573735
2909.2	0.14926	    0.562433
2909.3	0.170292	0.54521
2909.4	0.200346	0.517223
2909.5	0.230849	0.481701
2909.6	0.252845	0.464478
2909.7	0.261486	0.439182
2909.8	0.263147	0.430571
2909.9	0.258322	0.441873
2910.0	0.255381	0.455867
2910.1	0.251072	0.450484
2910.2	0.244181	0.446717
2910.3	0.24041	    0.459634
2910.4	0.237223	0.490312
2910.5	0.231567	0.505382
2910.6	0.226247	0.50915
2910.7	0.221691	0.498385
2910.8	0.219985	0.487083
2910.9	0.223936	0.472551
2911.0	0.233003	0.470398
2911.1	0.239961	0.449408
2911.2	0.245146	0.435953
2911.3	0.244204	0.444564
2911.4	0.229726	0.434876
2911.5	0.212982	0.435953
2911.6	0.204341	0.446717
2911.7	0.205643	0.457481
2911.8	0.214778	0.468245
2911.9	0.224833	0.476857
2912.0	0.225327	0.468784
2912.1	0.217314	0.486545
2912.2	0.201468	0.517223
2912.3	0.181581	0.534446
2912.4	0.160663	0.56028
2912.5	0.145737	0.573735
2912.6	0.143402	0.559203
2912.7	0.150136	0.518299
2912.8	0.156824	0.495156
2912.9	0.15669	    0.508611
2913.0	0.144727	0.54521
2913.1	0.131215	0.574273
2913.2	0.127354	0.615716
2913.3	0.124391	0.642088
2913.4	0.124436	0.614101
2913.5	0.136018	0.575888
2913.6	0.157386	0.531216
2913.7	0.180706	0.48493
2913.8	0.198483	0.497847
2913.9	0.207618	0.480624
2914.0	0.205643	0.455328
2914.1	0.200121	0.447793
2914.2	0.203937	0.46394
2914.3	0.211254	0.435953
2914.4	0.215631	0.445102
2914.5	0.221691	0.436491
2914.6	0.229547	0.398278
2914.7	0.232577	0.361141
2914.8	0.227168	0.323466
2914.9	0.207595	0.291712
2915.0	0.183175	0.312702
2915.1	0.164433	0.32239
2915.2	0.141248	0.276642
2915.3	0.109936	0.213132
2915.4	0.07876	    0.211518
2915.5	0.056831	0.259419
2915.6	0.048212	0.193757
2915.7	0.054407	0.297094
2915.8	0.068592	0.365447
2915.9	0.085381	0.365447
2916.0	0.103091	0.341227
2916.1	0.117298	0.333692
